# ZMB_centers.properties 
# all regions centers (id, lat, long)

# level 0
ZMB = -15.416667, 28.283333

# Level 1 (admin 1 = e.g., state)
ZM-02 = -14, 29
ZM-08 = -13, 28
ZM-03 = -13, 32.25
ZM-04 = -11, 29
ZM-09 = -15.416667, 29
ZM-06 = -13, 25
ZM-05 = -11, 31
ZM-07 = -16.5, 27
ZM-0 = -16.056111, 23.752222

# Level 2 (admin 2 = e.g., country)
ZM-02-G010002=-14.477601150173436, 28.359040217600867
ZM-02-G010001=-14.487402837338946, 27.907718481303966
ZM-02-G010004=-15.002983152779374, 26.611282864459433
ZM-02-G010003=-14.133530642997087, 29.385753384300234
ZM-02-G010005=-13.13402741907639, 30.449321929953495
ZM-07-G110005=-15.895268438161954, 27.83657450017869
ZM-07-G110006=-16.216511872727818, 27.442298198749867
ZM-07-G110007=-15.794731475391773, 26.214864290290457
ZM-07-G110008=-16.216093306216017, 28.63815891156101
ZM-07-G110009=-17.46232089536629, 27.237941267510152
ZM-08-G030003=-12.74185538623766, 27.91957111761778
ZM-06-G080003=-13.798666547616332, 25.240546359908542
ZM-06-G080002=-13.713299546899927, 26.261349138844597
ZM-08-G030004=-12.791304571765227, 28.26111712486547
ZM-06-G080005=-12.422080975225068, 26.16778015904788
ZM-08-G030001=-12.345097716540348, 27.783112654608804
ZM-06-G080004=-11.928007258434743, 24.61571986402436
ZM-05-G090001=-11.066917478702138, 30.26240148740346
ZM-08-G030002=-12.488501456778568, 27.697226214899484
ZM-05-G090002=-10.775702257379644, 31.92460897509442
ZM-08-G030007=-13.260580138187828, 27.781060607967333
ZM-08-G030008=-12.941868101506474, 28.544236300994925
ZM-05-G090003=-9.943191986274757, 32.92046941307662
ZM-05-G090004=-8.801410203225554, 29.921289535523528
ZM-06-G080001=-13.277093075335177, 24.156586317561448
ZM-08-G030005=-13.050657268318021, 28.389234350607925
ZM-05-G090005=-10.177846927658045, 31.349055179215675
ZM-08-G030006=-12.531694118474364, 28.25593387206254
ZM-05-G090006=-10.587854467539756, 29.924897928067544
ZM-05-G090007=-9.078456308482036, 31.204528268412627
ZM-05-G090008=-12.102012890380887, 31.31152599361242
ZM-05-G090009=-9.699646616009872, 30.249539628590544
ZM-06-G080006=-13.482384001171038, 22.90578193392032
ZM-03-G040005=-12.565985103343465, 32.722508451589434
ZM-0-G130006=-16.752038689230062, 24.429110990579648
ZM-03-G040006=-14.26916267503798, 30.93377670032704
ZM-0-G130001=-15.120022756926192, 22.42938580784253
ZM-04-G060001=-9.814495167280135, 29.301233554103945
ZM-0-G130004=-15.248830948487795, 23.510548768674433
ZM-0-G130005=-16.32384280681629, 23.22515945968454
ZM-0-G130002=-15.012189231610932, 24.685304036823133
ZM-0-G130003=-14.244089954080064, 23.34229110729951
ZM-04-G060002=-11.575286854297044, 29.009180790122834
ZM-04-G060003=-10.427465938594954, 28.99113749437492
ZM-04-G060004=-9.057531786087612, 28.92540972057196
ZM-04-G060005=-11.473963138198965, 29.82029875155314
ZM-07-G110004=-17.703772468233254, 25.917263476773623
ZM-07-G110003=-17.110085156592547, 26.020290678896256
ZM-07-G110002=-16.62968072849594, 27.94236555124977
ZM-07-G110001=-16.66742377992466, 27.09197423901689
ZM-03-G040002=-11.207831869900435, 32.81824143668428
ZM-03-G040001=-14.077004422075898, 32.60996282400633
ZM-03-G040004=-14.115675986327647, 31.899572885669137
ZM-03-G040003=-13.496227211696517, 32.243982417513564
ZM-09-G070001=-15.43106608415293, 29.962717058403484
ZM-09-G070003=-15.433949700399035, 28.346880534829612
ZM-09-G070002=-15.343986901351986, 29.043598994980854
